CHR SNPID POS A1 A2 p.value p.value.NA Is.converge var1 var2 N AC AF
1 rs95331 95331 2 1 0.14964498577877 0.14964498577877 TRUE 0.0718644552261701 0.0765151603890968 1000 74 0.037
1 rs129792 129792 2 1 0.123831949094148 0.123831949094148 TRUE 0.0741143765635059 0.0795368771961498 1000 199 0.0995
1 rs45080 45080 2 1 0.408325346130959 0.408325346130959 TRUE 0.0547120972892957 0.0580629072144488 1000 439 0.2195
1 rs52589 52589 2 1 0.400230467189905 0.400230467189905 TRUE 0.0432896565251212 0.0460206967839879 1000 948 0.474
1 rs130187 130187 2 1 0.250355662979443 0.250355662979443 TRUE 0.0964114384279347 0.104393673170436 1000 24 0.012
1 rs83533 83533 2 1 0.589401867068163 0.589401867068163 TRUE 0.0700664252010396 0.0743138427171338 1000 87 0.0435
1 rs53279 53279 2 1 0.50502580870993 0.50502580870993 TRUE 0.0780348150582337 0.0832651253316798 1000 46 0.023
1 rs105635 105635 2 1 0.438248018175569 0.438248018175569 TRUE 0.0690232842347474 0.0732272159242928 1000 62 0.031
1 rs149258 149258 2 1 0.436858787359542 0.436858787359542 TRUE 0.0719946582723861 0.0767645250280768 1000 134 0.067
1 rs29629 29629 2 1 0.340436692627354 0.340436692627354 TRUE 0.0705690019224741 0.075267285877476 1000 74 0.037
1 rs129846 129846 2 1 0.96320776242085 0.96320776242085 TRUE 0.0644161914645821 0.0683554026103213 1000 242 0.121
1 rs15106 15106 2 1 0.0461790505104052 0.0461790505104052 TRUE 0.0649071953701929 0.0691820992228228 1000 252 0.126
1 rs117945 117945 2 1 0.6103937289223 0.6103937289223 TRUE 0.0730495766529662 0.0773006220722113 1000 45 0.0225
1 rs125375 125375 2 1 0.974078585991068 0.974078585991068 TRUE 0.0633864230219698 0.0678186884582522 1000 317 0.1585
1 rs72070 72070 2 1 0.248583540957309 0.248583540957309 TRUE 0.0646857373477025 0.0687701418953804 1000 108 0.054
1 rs89457 89457 2 1 0.271682680076939 0.271682680076939 TRUE 0.0519770372022596 0.0552878920537318 1000 589 0.2945
1 rs52923 52923 2 1 0.222910653325846 0.222910653325846 TRUE 0.0376576774203122 0.0401589100019674 1000 998 0.499
1 rs18511 18511 2 1 0.871309487957474 0.871309487957474 TRUE 0.0746112506548822 0.0791043895905977 1000 106 0.053
1 rs122536 122536 2 1 0.730698235036717 0.730698235036717 TRUE 0.0383863706377132 0.0407795424289822 1000 952 0.476
1 rs135212 135212 2 1 0.0485595268443739 0.0485595268443739 TRUE 0.0467530093860365 0.0499862476735694 1000 737 0.3685
1 rs124508 124508 2 1 0.522773146448597 0.522773146448597 TRUE 0.0668127390392181 0.0709713179172864 1000 237 0.1185
1 rs3832 3832 2 1 0.377010747329418 0.377010747329418 TRUE 0.0729670572424935 0.0783800105278649 1000 95 0.0475
1 rs77418 77418 2 1 0.881497050221039 0.881497050221039 TRUE 0.0410190224533582 0.0435565174261083 1000 929 0.4645
1 rs107408 107408 2 1 0.363968181948117 0.363968181948117 TRUE 0.0680067236502738 0.0726165934831676 1000 205 0.1025
1 rs86745 86745 2 1 0.384971146272819 0.384971146272819 TRUE 0.0666955949797992 0.0709341872340969 1000 220 0.11
1 rs42398 42398 2 1 0.652427737888696 0.652427737888696 TRUE 0.0735631797431325 0.0789913725258253 1000 53 0.0265
1 rs22699 22699 2 1 0.453889940458135 0.453889940458135 TRUE 0.0748226304523397 0.079957375987953 1000 126 0.063
1 rs47123 47123 2 1 0.194811550778524 0.194811550778524 TRUE 0.0695845917220379 0.0739390631412976 1000 206 0.103
1 rs104471 104471 2 1 0.650223555330479 0.650223555330479 TRUE 0.0453876224014751 0.0483838764486684 1000 821 0.4105
1 rs92011 92011 2 1 0.523842758895775 0.523842758895775 TRUE 0.0444125736307478 0.0472573444035734 1000 786 0.393
